   0.0000000e+00   2.0959511e-01
   5.6320065e+00   5.1294410e-04
   5.8562964e+00   1.9555252e-04
   5.8759786e+00  -1.0763972e-04
   5.6909917e+00  -4.1860758e-04
   5.3019580e+00  -7.6075679e-04
   4.7105874e+00  -1.1634941e-03
   3.9211008e+00  -1.6690542e-03
   2.9456072e+00  -5.4992394e-03
   7.6423950e+00  -4.2577782e-03
   7.3067485e+00  -3.5244026e-03
   6.9686588e+00  -3.0702002e-03
   6.6288893e+00  -2.7832976e-03
   6.2883877e+00  -2.6040211e-03
   5.9483407e+00  -2.4983866e-03
   5.6102461e+00  -2.4460773e-03
   5.2760093e+00  -2.4345310e-03
   4.9480710e+00  -2.4558348e-03
   4.6295718e+00  -2.5050075e-03
   4.3245582e+00  -2.5790068e-03
   4.0382201e+00  -2.6761374e-03
   3.7771240e+00  -2.7956882e-03
   3.5493492e+00  -2.9377069e-03
   3.3643534e+00  -3.1028588e-03
   3.2323248e+00  -3.2923371e-03
   3.1628427e+00  -3.3950356e-03
   2.9322320e+00  -3.9571817e-03
   3.2128191e+00  -4.5236193e-03
   3.6526565e+00  -5.0986316e-03
   4.1523662e+00  -5.6819990e-03
   4.6529038e+00  -6.2687777e-03
   5.1217255e+00  -6.8488849e-03
   5.5407016e+00  -7.4067549e-03
   5.8993617e+00  -7.9213844e-03
   6.1914373e+00  -8.3671095e-03
   6.4130873e+00  -8.7153945e-03
   6.5619639e+00  -8.9376942e-03
   6.6367128e+00  -9.0090831e-03
   6.6367128e+00  -8.9119354e-03
   6.5619639e+00  -8.6386970e-03
   6.4130873e+00  -8.1929114e-03
   6.1914373e+00  -7.5881722e-03
   5.8993617e+00  -6.8453440e-03
   5.5407016e+00  -5.9889046e-03
   5.1217255e+00  -5.0433824e-03
   4.6529038e+00  -4.0306289e-03
   4.1523662e+00  -2.9682622e-03
   3.6526565e+00  -1.8692644e-03
   3.2128191e+00  -7.4251562e-04
   2.9322320e+00   2.5532925e-04
   1.3958243e+00   8.9466387e-04
   1.6189249e+00   1.4851319e-03
   1.9706587e+00   2.0275120e-03
   2.3774425e+00   2.5221878e-03
   2.8012800e+00   2.9691415e-03
   3.2236958e+00   3.3680368e-03
   3.6352638e+00   3.7183639e-03
   4.0308307e+00   4.0196225e-03
   4.4073898e+00   4.2715186e-03
   4.7630858e+00   4.4741514e-03
   5.0967190e+00   4.6281690e-03
   5.4074829e+00   4.7348763e-03
   5.6948173e+00   4.7962817e-03
   5.9583227e+00   4.8150828e-03
   6.1977077e+00   4.7945912e-03
   6.4127560e+00   4.7386118e-03
   6.6033046e+00   4.6512899e-03
   6.7692298e+00   4.5369453e-03
   6.9104373e+00   4.3999097e-03
   7.0268553e+00   4.2443811e-03
   7.1184299e+00   4.0743046e-03
   7.1851218e+00   3.8932831e-03
   7.2269037e+00   3.7045205e-03
   7.2437593e+00   3.5107921e-03
