   0.0000000e+00   0.0000000e+00
   5.6320065e+00   1.0989174e-01
   5.8562964e+00   4.4456606e-02
   5.8759786e+00  -2.4746242e-02
   5.6909917e+00  -9.2805401e-02
   5.3019580e+00  -1.5453532e-01
   4.7105874e+00  -2.0385623e-01
   3.9211008e+00  -2.3300182e-01
   2.9456072e+00  -5.4322813e-01
   7.6423950e+00  -9.1454093e-01
   7.3067485e+00  -6.4204318e-01
   6.9686588e+00  -4.8724724e-01
   6.6288893e+00  -3.9036273e-01
   6.2883877e+00  -3.2527598e-01
   5.9483407e+00  -2.7904916e-01
   5.6102461e+00  -2.4467478e-01
   5.2760093e+00  -2.1810258e-01
   4.9480710e+00  -1.9688155e-01
   4.6295718e+00  -1.7948865e-01
   4.3245582e+00  -1.6497752e-01
   4.0382201e+00  -1.5278789e-01
   3.7771240e+00  -1.4263986e-01
   3.5493492e+00  -1.3447261e-01
   3.3643534e+00  -1.2840106e-01
   3.2323248e+00  -1.2466890e-01
   3.1628427e+00  -1.1960877e-01
   2.9322320e+00  -1.2285071e-01
   3.2128191e+00  -1.4523135e-01
   3.6526565e+00  -1.7446741e-01
   4.1523662e+00  -2.0584431e-01
   4.6529038e+00  -2.3543129e-01
   5.1217255e+00  -2.6018338e-01
   5.5407016e+00  -2.7777273e-01
   5.8993617e+00  -2.8653052e-01
   6.1914373e+00  -2.8550244e-01
   6.4130873e+00  -2.7455299e-01
   6.5619639e+00  -2.5444345e-01
   6.6367128e+00  -2.2681329e-01
   6.6367128e+00  -1.9401806e-01
   6.5619639e+00  -1.5882345e-01
   6.4130873e+00  -1.2401003e-01
   6.1914373e+00  -9.1981981e-02
   5.8993617e+00  -6.4473609e-02
   5.5407016e+00  -4.2411509e-02
   5.1217255e+00  -2.5937105e-02
   4.6529038e+00  -1.4552244e-02
   4.1523662e+00  -7.3323967e-03
   3.6526565e+00  -3.1554550e-03
   3.2128191e+00  -9.0350895e-04
   2.9322320e+00   2.5877634e-04
   1.3958243e+00   4.4584528e-04
   1.6189249e+00   9.5429964e-04
   1.9706587e+00   1.8506994e-03
   2.3774425e+00   3.3209576e-03
   2.8012800e+00   5.5466114e-03
   3.2236958e+00   8.6907205e-03
   3.6352638e+00   1.2878103e-02
   4.0308307e+00   1.8178908e-02
   4.4073898e+00   2.4597886e-02
   4.7630858e+00   3.2069970e-02
   5.0967190e+00   4.0462133e-02
   5.4074829e+00   4.9581036e-02
   5.6948173e+00   5.9185446e-02
   5.9583227e+00   6.9001970e-02
   6.1977077e+00   7.8742400e-02
   6.4127560e+00   8.8120893e-02
   6.6033046e+00   9.6869419e-02
   6.7692298e+00   1.0475032e-01
   6.9104373e+00   1.1156532e-01
   7.0268553e+00   1.1716073e-01
   7.1184299e+00   1.2142931e-01
   7.1851218e+00   1.2430909e-01
   7.2269037e+00   1.2578005e-01
   7.2437593e+00   1.2585934e-01
